01001
01002
01003
01004
01005
01006
01007
01008
01009
01010
01012
01013
01015
01070
01071
01080
01110
01117
01118
01120
01128
01129
01130
01138
01139
01160
01165
01169
01170
01171
01191
01192
01193
01194
01195
01196
01200
01206
01207
01208
01211
01212
01213
01216
01220
01230
01240
01250
01260
01300
01306
01307
01308
01309
01320
01321
01322
01330
01340
01400
01408
01409
01420
01423
01426
01427
01428
01430
01439
01440
01449
01450
02005
02006
02007
02049
02070
02071
02080
02100
02110
02120
02124
02125
02127
02129
02130
02136
02137
02139
02140
02141
02142
02150
02151
02152
02153
02154
02155
02156
02160
02161
02340
02350
02359
02360
02400
02409
02410
02420
02430
02434
02435
02436
02437
02439
02440
02448
02449
02450
02459
02460
02461
02462
02480
02484
02485
02486
02487
02162
02200
02210
02211
02212
02213
02214
02215
02220
02230
02240
02246
02247
02248
02249
02250
02251
02252
02253
02260
02270
02300
02310
02311
02312
02313
02314
02315
02316
02320
02326
02327
02328
02329
02489
02490
02499
02500
02510
02511
02512
02513
02520
02529
02530
02534
02536
02600
02610
02611
02612
02614
02620
02630
02636
02637
02638
02639
02640
02650
02651
02652
02653
02660
02690
02691
02692
02693
02694
02695
02696
03001
03002
03003
03004
03005
03006
03007
03008
03009
03010
03011
03012
03013
03014
03015
03016
03070
03071
03080
03100
03108
03109
03110
03111
03112
03113
03114
03115
03130
03138
03139
03140
03149
03150
03158
03159
03160
03169
03170
03177